M001:   0 (  0  1  0  0  0  0  0  0  0  1  0) ---t3---> M002:   1 (  0  0  0  0  1  0  0  0  0  1  0)
                                              ---t8---> M003:   1 (  0  1  0  0  0  0  0  0  0  0  1)
M002:   1 (  0  0  0  0  1  0  0  0  0  1  0) ---t5---> M004:   2 (  0  0  0  0  0  1  1  0  0  1  0)
                                              ---t8---> M005:   2 (  0  0  0  0  1  0  0  0  0  0  1)
                                              ---t12---> M006:   2 (  0  0  0  0  0  0  0  0  1  1  0)
M003:   1 (  0  1  0  0  0  0  0  0  0  0  1) ---t3---> M005:   2 (  0  0  0  0  1  0  0  0  0  0  1)
                                              ---t9---> M001:   0 (  0  1  0  0  0  0  0  0  0  1  0)
M004:   2 (  0  0  0  0  0  1  1  0  0  1  0) ---t8---> M007:   3 (  0  0  0  0  0  1  1  0  0  0  1)
                                              ---t11---> M008:   3 (  0  0  0  1  0  0  0  0  0  1  0)
M005:   2 (  0  0  0  0  1  0  0  0  0  0  1) ---t5---> M007:   3 (  0  0  0  0  0  1  1  0  0  0  1)
                                              ---t9---> M002:   1 (  0  0  0  0  1  0  0  0  0  1  0)
                                              ---t12---> M009:   3 (  0  0  0  0  0  0  0  0  1  0  1)
M006:   2 (  0  0  0  0  0  0  0  0  1  1  0) ---t7---> M010:   3 (  1  0  0  0  0  0  0  0  0  1  0)
                                              ---t8---> M009:   3 (  0  0  0  0  0  0  0  0  1  0  1)
M007:   3 (  0  0  0  0  0  1  1  0  0  0  1) ---t9---> M004:   2 (  0  0  0  0  0  1  1  0  0  1  0)
                                              ---t11---> M011:   4 (  0  0  0  1  0  0  0  0  0  0  1)
M008:   3 (  0  0  0  1  0  0  0  0  0  1  0) ---t4---> M002:   1 (  0  0  0  0  1  0  0  0  0  1  0)
                                              ---t8---> M011:   4 (  0  0  0  1  0  0  0  0  0  0  1)
M009:   3 (  0  0  0  0  0  0  0  0  1  0  1) ---t9---> M006:   2 (  0  0  0  0  0  0  0  0  1  1  0)
M010:   3 (  1  0  0  0  0  0  0  0  0  1  0) ---t1---> M001:   0 (  0  1  0  0  0  0  0  0  0  1  0)
                                              ---t2---> M012:   4 (  0  0  1  0  0  0  0  0  0  1  0)
                                              ---t8---> M013:   4 (  1  0  0  0  0  0  0  0  0  0  1)
M011:   4 (  0  0  0  1  0  0  0  0  0  0  1) ---t4---> M005:   2 (  0  0  0  0  1  0  0  0  0  0  1)
                                              ---t9---> M008:   3 (  0  0  0  1  0  0  0  0  0  1  0)
M012:   4 (  0  0  1  0  0  0  0  0  0  1  0) ---t8---> M014:   5 (  0  0  1  0  0  0  0  0  0  0  1)
                                              ---t10---> M015:   5 (  0  0  0  0  0  0  1  1  0  1  0)
M013:   4 (  1  0  0  0  0  0  0  0  0  0  1) ---t1---> M003:   1 (  0  1  0  0  0  0  0  0  0  0  1)
                                              ---t2---> M014:   5 (  0  0  1  0  0  0  0  0  0  0  1)
                                              ---t9---> M010:   3 (  1  0  0  0  0  0  0  0  0  1  0)
M014:   5 (  0  0  1  0  0  0  0  0  0  0  1) ---t9---> M012:   4 (  0  0  1  0  0  0  0  0  0  1  0)
                                              ---t10---> M016:   6 (  0  0  0  0  0  0  1  1  0  0  1)
M015:   5 (  0  0  0  0  0  0  1  1  0  1  0) ---t6---> M006:   2 (  0  0  0  0  0  0  0  0  1  1  0)
                                              ---t8---> M016:   6 (  0  0  0  0  0  0  1  1  0  0  1)
M016:   6 (  0  0  0  0  0  0  1  1  0  0  1) ---t6---> M009:   3 (  0  0  0  0  0  0  0  0  1  0  1)
                                              ---t9---> M015:   5 (  0  0  0  0  0  0  1  1  0  1  0)
Graph ist komplett erstellt!