M001:   0 (  0  1  0  0  0  0  0  0  1  1  0) ---t3---> M002:   1 (  0  0  0  0  1  0  0  0  1  1  0)
                                              ---t7---> M003:   1 (  1  1  0  0  0  0  0  0  0  1  0)
                                              ---t8---> M004:   1 (  0  1  0  0  0  0  0  0  1  0  1)
M002:   1 (  0  0  0  0  1  0  0  0  1  1  0) ---t5---> M005:   2 (  0  0  0  0  0  1  1  0  1  1  0)
                                              ---t7---> M006:   2 (  1  0  0  0  1  0  0  0  0  1  0)
                                              ---t8---> M007:   2 (  0  0  0  0  1  0  0  0  1  0  1)
M003:   1 (  1  1  0  0  0  0  0  0  0  1  0) ---t2---> M008:   2 (  0  1  1  0  0  0  0  0  0  1  0)
                                              ---t3---> M006:   2 (  1  0  0  0  1  0  0  0  0  1  0)
                                              ---t8---> M009:   2 (  1  1  0  0  0  0  0  0  0  0  1)
M004:   1 (  0  1  0  0  0  0  0  0  1  0  1) ---t3---> M007:   2 (  0  0  0  0  1  0  0  0  1  0  1)
                                              ---t9---> M001:   0 (  0  1  0  0  0  0  0  0  1  1  0)
M005:   2 (  0  0  0  0  0  1  1  0  1  1  0) ---t7---> M010:   3 (  1  0  0  0  0  1  1  0  0  1  0)
                                              ---t8---> M011:   3 (  0  0  0  0  0  1  1  0  1  0  1)
                                              ---t11---> M012:   3 (  0  0  0  1  0  0  0  0  1  1  0)
M006:   2 (  1  0  0  0  1  0  0  0  0  1  0) ---t1---> M013:   3 (  0  1  0  0  1  0  0  0  0  1  0)
                                              ---t2---> M014:   3 (  0  0  1  0  1  0  0  0  0  1  0)
                                              ---t5---> M010:   3 (  1  0  0  0  0  1  1  0  0  1  0)
                                              ---t8---> M015:   3 (  1  0  0  0  1  0  0  0  0  0  1)
                                              ---t12---> M016:   3 (  1  0  0  0  0  0  0  0  1  1  0)
M007:   2 (  0  0  0  0  1  0  0  0  1  0  1) ---t5---> M011:   3 (  0  0  0  0  0  1  1  0  1  0  1)
                                              ---t9---> M002:   1 (  0  0  0  0  1  0  0  0  1  1  0)
M008:   2 (  0  1  1  0  0  0  0  0  0  1  0) ---t3---> M014:   3 (  0  0  1  0  1  0  0  0  0  1  0)
                                              ---t8---> M017:   3 (  0  1  1  0  0  0  0  0  0  0  1)
                                              ---t10---> M018:   3 (  0  1  0  0  0  0  1  1  0  1  0)
M009:   2 (  1  1  0  0  0  0  0  0  0  0  1) ---t2---> M017:   3 (  0  1  1  0  0  0  0  0  0  0  1)
                                              ---t3---> M015:   3 (  1  0  0  0  1  0  0  0  0  0  1)
                                              ---t9---> M003:   1 (  1  1  0  0  0  0  0  0  0  1  0)
M010:   3 (  1  0  0  0  0  1  1  0  0  1  0) ---t1---> M019:   4 (  0  1  0  0  0  1  1  0  0  1  0)
                                              ---t2---> M020:   4 (  0  0  1  0  0  1  1  0  0  1  0)
                                              ---t8---> M021:   4 (  1  0  0  0  0  1  1  0  0  0  1)
                                              ---t11---> M022:   4 (  1  0  0  1  0  0  0  0  0  1  0)
M011:   3 (  0  0  0  0  0  1  1  0  1  0  1) ---t9---> M005:   2 (  0  0  0  0  0  1  1  0  1  1  0)
                                              ---t11---> M023:   4 (  0  0  0  1  0  0  0  0  1  0  1)
M012:   3 (  0  0  0  1  0  0  0  0  1  1  0) ---t4---> M002:   1 (  0  0  0  0  1  0  0  0  1  1  0)
                                              ---t7---> M022:   4 (  1  0  0  1  0  0  0  0  0  1  0)
                                              ---t8---> M023:   4 (  0  0  0  1  0  0  0  0  1  0  1)
M013:   3 (  0  1  0  0  1  0  0  0  0  1  0) ---t5---> M019:   4 (  0  1  0  0  0  1  1  0  0  1  0)
                                              ---t8---> M024:   4 (  0  1  0  0  1  0  0  0  0  0  1)
                                              ---t12---> M001:   0 (  0  1  0  0  0  0  0  0  1  1  0)
M014:   3 (  0  0  1  0  1  0  0  0  0  1  0) ---t5---> M020:   4 (  0  0  1  0  0  1  1  0  0  1  0)
                                              ---t8---> M025:   4 (  0  0  1  0  1  0  0  0  0  0  1)
                                              ---t10---> M026:   4 (  0  0  0  0  1  0  1  1  0  1  0)
                                              ---t12---> M027:   4 (  0  0  1  0  0  0  0  0  1  1  0)
M015:   3 (  1  0  0  0  1  0  0  0  0  0  1) ---t1---> M024:   4 (  0  1  0  0  1  0  0  0  0  0  1)
                                              ---t2---> M025:   4 (  0  0  1  0  1  0  0  0  0  0  1)
                                              ---t5---> M021:   4 (  1  0  0  0  0  1  1  0  0  0  1)
                                              ---t9---> M006:   2 (  1  0  0  0  1  0  0  0  0  1  0)
                                              ---t12---> M028:   4 (  1  0  0  0  0  0  0  0  1  0  1)
M016:   3 (  1  0  0  0  0  0  0  0  1  1  0) ---t1---> M001:   0 (  0  1  0  0  0  0  0  0  1  1  0)
                                              ---t2---> M027:   4 (  0  0  1  0  0  0  0  0  1  1  0)
                                              ---t8---> M028:   4 (  1  0  0  0  0  0  0  0  1  0  1)
M017:   3 (  0  1  1  0  0  0  0  0  0  0  1) ---t3---> M025:   4 (  0  0  1  0  1  0  0  0  0  0  1)
                                              ---t9---> M008:   2 (  0  1  1  0  0  0  0  0  0  1  0)
                                              ---t10---> M029:   4 (  0  1  0  0  0  0  1  1  0  0  1)
M018:   3 (  0  1  0  0  0  0  1  1  0  1  0) ---t3---> M026:   4 (  0  0  0  0  1  0  1  1  0  1  0)
                                              ---t6---> M001:   0 (  0  1  0  0  0  0  0  0  1  1  0)
                                              ---t8---> M029:   4 (  0  1  0  0  0  0  1  1  0  0  1)
M019:   4 (  0  1  0  0  0  1  1  0  0  1  0) ---t3---> M030:   5 (  0  0  0  0  1  1  1  0  0  1  0)
                                              ---t8---> M031:   5 (  0  1  0  0  0  1  1  0  0  0  1)
                                              ---t11---> M032:   5 (  0  1  0  1  0  0  0  0  0  1  0)
M020:   4 (  0  0  1  0  0  1  1  0  0  1  0) ---t8---> M033:   5 (  0  0  1  0  0  1  1  0  0  0  1)
                                              ---t11---> M034:   5 (  0  0  1  1  0  0  0  0  0  1  0)
M021:   4 (  1  0  0  0  0  1  1  0  0  0  1) ---t1---> M031:   5 (  0  1  0  0  0  1  1  0  0  0  1)
                                              ---t2---> M033:   5 (  0  0  1  0  0  1  1  0  0  0  1)
                                              ---t9---> M010:   3 (  1  0  0  0  0  1  1  0  0  1  0)
                                              ---t11---> M035:   5 (  1  0  0  1  0  0  0  0  0  0  1)
M022:   4 (  1  0  0  1  0  0  0  0  0  1  0) ---t1---> M032:   5 (  0  1  0  1  0  0  0  0  0  1  0)
                                              ---t2---> M034:   5 (  0  0  1  1  0  0  0  0  0  1  0)
                                              ---t4---> M006:   2 (  1  0  0  0  1  0  0  0  0  1  0)
                                              ---t8---> M035:   5 (  1  0  0  1  0  0  0  0  0  0  1)
M023:   4 (  0  0  0  1  0  0  0  0  1  0  1) ---t4---> M007:   2 (  0  0  0  0  1  0  0  0  1  0  1)
                                              ---t9---> M012:   3 (  0  0  0  1  0  0  0  0  1  1  0)
M024:   4 (  0  1  0  0  1  0  0  0  0  0  1) ---t5---> M031:   5 (  0  1  0  0  0  1  1  0  0  0  1)
                                              ---t9---> M013:   3 (  0  1  0  0  1  0  0  0  0  1  0)
                                              ---t12---> M004:   1 (  0  1  0  0  0  0  0  0  1  0  1)
M025:   4 (  0  0  1  0  1  0  0  0  0  0  1) ---t5---> M033:   5 (  0  0  1  0  0  1  1  0  0  0  1)
                                              ---t9---> M014:   3 (  0  0  1  0  1  0  0  0  0  1  0)
                                              ---t10---> M036:   5 (  0  0  0  0  1  0  1  1  0  0  1)
                                              ---t12---> M037:   5 (  0  0  1  0  0  0  0  0  1  0  1)
M026:   4 (  0  0  0  0  1  0  1  1  0  1  0) ---t6---> M002:   1 (  0  0  0  0  1  0  0  0  1  1  0)
                                              ---t8---> M036:   5 (  0  0  0  0  1  0  1  1  0  0  1)
                                              ---t12---> M038:   5 (  0  0  0  0  0  0  1  1  1  1  0)
M027:   4 (  0  0  1  0  0  0  0  0  1  1  0) ---t7---> M039:   5 (  1  0  1  0  0  0  0  0  0  1  0)
                                              ---t8---> M037:   5 (  0  0  1  0  0  0  0  0  1  0  1)
                                              ---t10---> M038:   5 (  0  0  0  0  0  0  1  1  1  1  0)
M028:   4 (  1  0  0  0  0  0  0  0  1  0  1) ---t1---> M004:   1 (  0  1  0  0  0  0  0  0  1  0  1)
                                              ---t2---> M037:   5 (  0  0  1  0  0  0  0  0  1  0  1)
                                              ---t9---> M016:   3 (  1  0  0  0  0  0  0  0  1  1  0)
M029:   4 (  0  1  0  0  0  0  1  1  0  0  1) ---t3---> M036:   5 (  0  0  0  0  1  0  1  1  0  0  1)
                                              ---t6---> M004:   1 (  0  1  0  0  0  0  0  0  1  0  1)
                                              ---t9---> M018:   3 (  0  1  0  0  0  0  1  1  0  1  0)
M030:   5 (  0  0  0  0  1  1  1  0  0  1  0) ---t8---> M040:   6 (  0  0  0  0  1  1  1  0  0  0  1)
                                              ---t11---> M041:   6 (  0  0  0  1  1  0  0  0  0  1  0)
                                              ---t12---> M005:   2 (  0  0  0  0  0  1  1  0  1  1  0)
M031:   5 (  0  1  0  0  0  1  1  0  0  0  1) ---t3---> M040:   6 (  0  0  0  0  1  1  1  0  0  0  1)
                                              ---t9---> M019:   4 (  0  1  0  0  0  1  1  0  0  1  0)
                                              ---t11---> M042:   6 (  0  1  0  1  0  0  0  0  0  0  1)
M032:   5 (  0  1  0  1  0  0  0  0  0  1  0) ---t3---> M041:   6 (  0  0  0  1  1  0  0  0  0  1  0)
                                              ---t4---> M013:   3 (  0  1  0  0  1  0  0  0  0  1  0)
                                              ---t8---> M042:   6 (  0  1  0  1  0  0  0  0  0  0  1)
M033:   5 (  0  0  1  0  0  1  1  0  0  0  1) ---t9---> M020:   4 (  0  0  1  0  0  1  1  0  0  1  0)
                                              ---t11---> M043:   6 (  0  0  1  1  0  0  0  0  0  0  1)
M034:   5 (  0  0  1  1  0  0  0  0  0  1  0) ---t4---> M014:   3 (  0  0  1  0  1  0  0  0  0  1  0)
                                              ---t8---> M043:   6 (  0  0  1  1  0  0  0  0  0  0  1)
                                              ---t10---> M044:   6 (  0  0  0  1  0  0  1  1  0  1  0)
M035:   5 (  1  0  0  1  0  0  0  0  0  0  1) ---t1---> M042:   6 (  0  1  0  1  0  0  0  0  0  0  1)
                                              ---t2---> M043:   6 (  0  0  1  1  0  0  0  0  0  0  1)
                                              ---t4---> M015:   3 (  1  0  0  0  1  0  0  0  0  0  1)
                                              ---t9---> M022:   4 (  1  0  0  1  0  0  0  0  0  1  0)
M036:   5 (  0  0  0  0  1  0  1  1  0  0  1) ---t6---> M007:   2 (  0  0  0  0  1  0  0  0  1  0  1)
                                              ---t9---> M026:   4 (  0  0  0  0  1  0  1  1  0  1  0)
                                              ---t12---> M045:   6 (  0  0  0  0  0  0  1  1  1  0  1)
M037:   5 (  0  0  1  0  0  0  0  0  1  0  1) ---t9---> M027:   4 (  0  0  1  0  0  0  0  0  1  1  0)
                                              ---t10---> M045:   6 (  0  0  0  0  0  0  1  1  1  0  1)
M038:   5 (  0  0  0  0  0  0  1  1  1  1  0) ---t7---> M046:   6 (  1  0  0  0  0  0  1  1  0  1  0)
                                              ---t8---> M045:   6 (  0  0  0  0  0  0  1  1  1  0  1)
M039:   5 (  1  0  1  0  0  0  0  0  0  1  0) ---t1---> M008:   2 (  0  1  1  0  0  0  0  0  0  1  0)
                                              ---t8---> M047:   6 (  1  0  1  0  0  0  0  0  0  0  1)
                                              ---t10---> M046:   6 (  1  0  0  0  0  0  1  1  0  1  0)
M040:   6 (  0  0  0  0  1  1  1  0  0  0  1) ---t9---> M030:   5 (  0  0  0  0  1  1  1  0  0  1  0)
                                              ---t11---> M048:   7 (  0  0  0  1  1  0  0  0  0  0  1)
                                              ---t12---> M011:   3 (  0  0  0  0  0  1  1  0  1  0  1)
M041:   6 (  0  0  0  1  1  0  0  0  0  1  0) ---t5---> M049:   7 (  0  0  0  1  0  1  1  0  0  1  0)
                                              ---t8---> M048:   7 (  0  0  0  1  1  0  0  0  0  0  1)
                                              ---t12---> M012:   3 (  0  0  0  1  0  0  0  0  1  1  0)
M042:   6 (  0  1  0  1  0  0  0  0  0  0  1) ---t3---> M048:   7 (  0  0  0  1  1  0  0  0  0  0  1)
                                              ---t4---> M024:   4 (  0  1  0  0  1  0  0  0  0  0  1)
                                              ---t9---> M032:   5 (  0  1  0  1  0  0  0  0  0  1  0)
M043:   6 (  0  0  1  1  0  0  0  0  0  0  1) ---t4---> M025:   4 (  0  0  1  0  1  0  0  0  0  0  1)
                                              ---t9---> M034:   5 (  0  0  1  1  0  0  0  0  0  1  0)
                                              ---t10---> M050:   7 (  0  0  0  1  0  0  1  1  0  0  1)
M044:   6 (  0  0  0  1  0  0  1  1  0  1  0) ---t4---> M026:   4 (  0  0  0  0  1  0  1  1  0  1  0)
                                              ---t6---> M012:   3 (  0  0  0  1  0  0  0  0  1  1  0)
                                              ---t8---> M050:   7 (  0  0  0  1  0  0  1  1  0  0  1)
M045:   6 (  0  0  0  0  0  0  1  1  1  0  1) ---t9---> M038:   5 (  0  0  0  0  0  0  1  1  1  1  0)
M046:   6 (  1  0  0  0  0  0  1  1  0  1  0) ---t1---> M018:   3 (  0  1  0  0  0  0  1  1  0  1  0)
                                              ---t2---> M051:   7 (  0  0  1  0  0  0  1  1  0  1  0)
                                              ---t6---> M016:   3 (  1  0  0  0  0  0  0  0  1  1  0)
                                              ---t8---> M052:   7 (  1  0  0  0  0  0  1  1  0  0  1)
M047:   6 (  1  0  1  0  0  0  0  0  0  0  1) ---t1---> M017:   3 (  0  1  1  0  0  0  0  0  0  0  1)
                                              ---t9---> M039:   5 (  1  0  1  0  0  0  0  0  0  1  0)
                                              ---t10---> M052:   7 (  1  0  0  0  0  0  1  1  0  0  1)
M048:   7 (  0  0  0  1  1  0  0  0  0  0  1) ---t5---> M053:   8 (  0  0  0  1  0  1  1  0  0  0  1)
                                              ---t9---> M041:   6 (  0  0  0  1  1  0  0  0  0  1  0)
                                              ---t12---> M023:   4 (  0  0  0  1  0  0  0  0  1  0  1)
M049:   7 (  0  0  0  1  0  1  1  0  0  1  0) ---t4---> M030:   5 (  0  0  0  0  1  1  1  0  0  1  0)
                                              ---t8---> M053:   8 (  0  0  0  1  0  1  1  0  0  0  1)
M050:   7 (  0  0  0  1  0  0  1  1  0  0  1) ---t4---> M036:   5 (  0  0  0  0  1  0  1  1  0  0  1)
                                              ---t6---> M023:   4 (  0  0  0  1  0  0  0  0  1  0  1)
                                              ---t9---> M044:   6 (  0  0  0  1  0  0  1  1  0  1  0)
M051:   7 (  0  0  1  0  0  0  1  1  0  1  0) ---t6---> M027:   4 (  0  0  1  0  0  0  0  0  1  1  0)
                                              ---t8---> M054:   8 (  0  0  1  0  0  0  1  1  0  0  1)
M052:   7 (  1  0  0  0  0  0  1  1  0  0  1) ---t1---> M029:   4 (  0  1  0  0  0  0  1  1  0  0  1)
                                              ---t2---> M054:   8 (  0  0  1  0  0  0  1  1  0  0  1)
                                              ---t6---> M028:   4 (  1  0  0  0  0  0  0  0  1  0  1)
                                              ---t9---> M046:   6 (  1  0  0  0  0  0  1  1  0  1  0)
M053:   8 (  0  0  0  1  0  1  1  0  0  0  1) ---t4---> M040:   6 (  0  0  0  0  1  1  1  0  0  0  1)
                                              ---t9---> M049:   7 (  0  0  0  1  0  1  1  0  0  1  0)
M054:   8 (  0  0  1  0  0  0  1  1  0  0  1) ---t6---> M037:   5 (  0  0  1  0  0  0  0  0  1  0  1)
                                              ---t9---> M051:   7 (  0  0  1  0  0  0  1  1  0  1  0)
Graph ist komplett erstellt!
